==================================================================================== 
MATRICES 






2D Matrices: 
Matrix G: 
1,4
4,2
Matrix H: 
2,1
4,2

Matrix G * Matrix H equals: 
18,9
16,8

Excpected Result is: 
18, 9 
16, 8 


3D Matrices: 

Matrix M: 
1,2,3
4,5,6
7,8,9
Matrix N: 
9,8,7
6,5,4
3,2,1

Matrix M * Matrix N equals: 
30,24,18
84,69,54
138,114,90

Excpected Result is: 
30, 24, 18
84, 69, 54
138, 114, 90


4D Matrices: 

Matrix O: 

11,22,33,44
55,66,77,88
99,10,20,30
40,50,60,70

Matrix P: 

12,23,34,45
56,67,78,89
90,10,21,32
43,54,65,76

Matrix O * Matrix P equals: 

6226,4433,5643,6853
15070,11209,14355,17501
4838,4767,6516,8265
11690,8650,11070,13490

Excpected Result is: 

6226, 4433, 5643, 6853
15070, 11209, 14355, 17501
4838, 4767, 6516, 8265
11690, 8650, 11070, 13490 


